44.0
0
0
0
0
0
0
0
0
0
0
0
0
0
0
0
0
0
0
0
0
0
0
0
0
0
0
0
0
0
0
0
0
0
0
0
0
0
0
0
0
0
0
0
0
0
0
0
0
0
0
0
0
0
0
0
0
0
0
0
0
0
0
0
0
0
0
0
0
0
0
0
0
0
0
0
0
0
0
0
0
0
0
0
0
0
0
0
0
0
0
0
0
0
0
0
0
0
0
0
0
0
0
0
0
0
0
0
0
0
0
0
0
0
0
0
0
0
0
24
30
32
48
64
86
90
112
120
150
165
168
174
188
216
218
264
280
324
330
340
351
357
366
378
423
433
459
490
494
560
574
578
646
651
663
667
682
704
705
708
735
751
756
756
760
791
813
872
912
938
954
977
1086
1129
1130
1166
1170
1206
1211
1224
1254
1265
1274
1276
1284
1290
1313
1320
1343
1458
1476
1520
1533
1540
1541
1632
1634
1651
1656
1691
1702
1715
1722
1763
1764
1785
1785
1818
1860
1870
1883
1885
1895
1896
1932
1941
1950
2023
2034
2044
2064
2075
2088
2098
2128
2139
2169
2178
2224
2274
2274
2275
2288
2310
2315
2328
2338
2340
2340
2343
2378
2430
2436
2440
2454
2505
2520
2536
2542
2548
2560
2565
2584
2589
2700
2708
2730
2738
2790
2801
2816
2821
2829
2836
2843
2853
2870
2904
2912
2923
2997
3035
3053
3060
3115
3158
3219
3224
3234
3294
3315
3340
3352
3367
3377
3378
3384
3396
3428
3432
3480
3489
3494
3524
3525
3558
3564
3606
3640
3655
3660
3672
3714
3728
3736
3744
3750
3750
3772
3801
3836
3900
3901
3907
3916
3920
3927
3948
3953
3956
3980
3990
4025
4038
4064
4112
4125
4144
4160
4163
4176
4190
4198
4199
4204
4204
4207
4212
4218
4236
4302
4311
4325
4453
4471
4500
4518
4543
4549
4560
4569
4600
4613
4668
4680
4687
4704
4721
4730
4736
4736
4746
4752
4812
4815
4824
4840
4848
4864
4873
4895
4896
4921
4923
4937
4984
5022
5024
5026
5058
5075
5080
5139
5176
5184
5184
5186
5191
5226
5244
5278
5280
5338
5346
5358
5364
5371
5375
5415
5424
5440
5466
5496
5532
5536
5538
5555
5556
5562
5564
5568
5580
5597
5598
5600
5610
5628
5629
5720
5742
5811
5850
5904
5918
5960
5978
5985
5991
6000
6009
6030
6088
6094
6100
6102
6136
6146
6160
6160
6202
6203
6208
6214
6216
6216
6222
6264
6272
6296
6324
6324
6336
6360
6399
6405
6416
6420
6438
6440
6444
6468
6468
6472
6532
6555
6560
6570
6592
6596
6597
6624
6630
6647
6664
6664
6676
6729
6742
6766
6776
6783
6798
6836
6840
6850
6852
6858
6864
6887
6906
6906
6912
6952
6984
7018
7048
7068
7072
7077
7116
7119
7134
7140
7149
7178
7209
7236
7305
7308
7310
7332
7338
7340
7372
7376
7392
7424
7475
7479
7495
7514
7515
7520
7568
7660
7664
7667
7685
7704
7763
7776
7810
7812
7830
7833
7896
7900
7912
7920
7923
7938
7952
7955
7965
7968
8052
8068
8080
8085
8092
8100
8112
8168
8208
8218
8246
8247
8260
8260
8272
8328
8330
8351
8360
8411
8419
8428
8428
8432
8442
8460
8460
8474
8550
8560
8585
8620
8646
8652
8655
8668
8685
8705
8760
8769
8772
8789
8820
8833
8844
8855
8864
8883
8890
8920
8960
8990
9019
9035
9039
9048
9119
9195
9213
9250
9260
9266
9270
9297
9304
9306
9342
9360
9375
9384
9387
9405
9429
9462
9462
9471
9512
9513
9569
9581
9600
9600
9612
9612
9618
9638
9648
9660
9669
9710
9720
9724
9792
9815
9891
9936
9955
10014
10030
10044
10074
10080
10080
10086
10088
10106
10170
10200
10224
10228
10230
10246
10248
10249
10266
10304
10332
10336
10354
10368
10374
10395
10428
10434
10440
10450
10460
10484
10504
10527
10530
10569
10584
10594
10682
10692
10692
10704
10806
10830
10836
10836
10838
10845
10899
10920
10959
10962
11099
11100
11102
11124
11129
11148
11172
11200
11211
11228
11281
11292
11308
11328
11398
11425
11452
11501
11550
11564
11592
11613
11628
11632
11642
11696
11760
11760
11770
11784
11820
11904
11974
11976
11988
12001
12024
12069
12078
12080
12140
12144
12195
12200
12208
12222
12228
12236
12255
12260
12273
12280
12282
12376
12396
12400
12480
12484
12493
12516
12524
12529
12549
12550
12579
12614
12615
12688
12690
12735
12786
12800
12803
12835
12856
12879
12909
12912
12915
12928
12935
12956
12957
12970
12978
12992
13010
13028
13051
13061
13158
13160
13176
13180
13244
13248
13250
13312
13338
13365
13396
13398
13452
13453
13470
13494
13512
13536
13572
13592
13608
13620
13632
13650
13676
13695
13696
13765
13780
13847
13880
13881
13954
13970
13980
14025
14040
14056
14100
14140
14144
14155
14164
14208
14271
14288
14320
14331
14343
14382
14392
14430
14442
14454
14456
14470
14484
14496
14512
14516
14520
14560
14570
14572
14595
14598
14607
14630
14711
14728
14735
14760
14776
14850
14868
14976
15070
15092
15106
15109
15132
15138
15148
15228
15234
15273
15300
15314
15379
15390
15400
15414
15444
15452
15456
15486
15492
15552
15554
15558
15664
15668
15676
15741
15748
15776
15840
15915
15975
16032
16065
16072
16110
16137
16150
16170
16220
16224
16239
16263
16277
16359
16366
16368
16371
16398
16410
16410
16422
16455
16470
16560
16568
16584
16650
16656
16679
16732
16740
16740
16776
16807
16925
16940
16944
16965
17001
17056
17056
17085
17091
17100
17108
17160
17172
17200
17208
17240
17296
17306
17328
17328
17334
17347
17367
17397
17398
17416
17458
17470
17522
17550
17626
17628
17652
17738
17740
17787
17871
17885
17898
17960
17963
17969
18009
18012
18021
18050
18058
18064
18126
18196
18224
18227
18256
18276
18291
18392
18420
18450
18450
18486
18494
18548
18550
18612
18615
18718
18740
18760
18809
18815
18880
18886
18888
18990
18996
18999
19053
19082
19082
19098
19116
19125
19146
19152
19173
19188
19212
19261
19285
19344
19370
19400
19422
19446
19481
19516
19548
19552
19600
19608
19654
19694
19735
19760
19824
19872
19894
19920
19926
19929
19948
19956
19960
20007
20060
20068
20125
20180
20230
20267
20272
20275
20328
20350
20410
20470
20496
20592
20600
20648
20672
20730
20742
20760
20772
20781
20800
20818
20868
20895
20910
20958
20970
20992
20996
21084
21096
21098
21111
21122
21151
21172
21175
21200
21222
21235
21306
21307
21312
21336
21372
21432
21492
21593
21648
21660
21700
21720
21721
21784
21795
21830
21840
21860
21876
21880
21896
21896
21915
21945
21960
21960
21973
21976
22000
22001
22020
22078
22092
22112
22113
22125
22125
22175
22192
22192
22256
22272
22274
22280
22302
22320
22382
22395
22432
22468
22482
22527
22557
22559
22590
22624
22695
22792
22793
22880
22971
23064
23104
23120
23124
23135
23147
23160
23210
23229
23271
23296
23309
23358
23370
23460
23460
23463
23512
23562
23562
23571
23580
23616
23625
23648
23697
23712
23805
23814
23814
23824
23841
23880
23895
23932
23950
23982
24024
24048
24048
24078
24096
24096
24110
24120
24120
24132
24180
24206
24225
24270
24276
24283
24340
24366
24390
24460
24480
24516
24518
24525
24550
24570
24600
24620
24624
24639
24640
24640
24648
24759
24768
24780
24795
24849
24892
24960
25000
25014
25025
25038
25056
25077
25100
25124
25128
25152
25164
25179
25236
25296
25308
25344
25353
25389
25392
25400
25438
25450
25475
25488
25504
25513
25533
25550
25560
25575
25584
25670
25704
25740
25748
25839
25872
25875
25894
25916
26028
26040
26082
26087
26094
26108
26109
26156
26180
26180
26262
26264
26296
26350
26412
26616
26656
26696
26710
26730
26768
26784
26792
26885
26928
26952
27014
27060
27060
27064
27072
27076
27090
27090
27105
27170
27248
27260
27279
27303
27325
27336
27467
27510
27552
27600
27604
27620
27654
27675
27768
27804
27804
27812
27872
27940
27970
28012
28017
28020
28050
28054
28063
28064
28080
28105
28122
28160
28180
28260
28276
28330
28344
28380
28446
28458
28472
28489
28504
28520
28556
28593
28596
28652
28696
28720
28736
28750
28755
28758
28800
28800
28824
28868
28888
28955
28990
29040
29040
29044
29052
29070
29108
29120
29136
29154
29232
29241
29241
29250
29253
29256
29268
29400
29450
29526
29553
29584
29592
29596
29627
29656
29666
29680
29693
29720
29775
29778
29784
29832
29856
29860
29913
30000
30020
30020
30048
30065
30078
30114
30186
30238
30246
30264
30282
30285
30292
30306
30400
30438
30544
30544
30555
30620
30624
30625
30726
30800
30810
30830
30843
30849
30872
30890
30900
30912
30968
31008
31017
31053
31080
31150
31161
31169
31180
31185
31200
31220
31236
31265
31276
31323
31356
31365
31408
31424
31440
31465
31500
31518
31552
31610
31620
31648
31770
31815
31823
31845
31916
31920
31932
31935
31936
32019
32050
32088
32107
32186
32219
32227
32229
32240
32265
32292
32318
32322
32360
32376
32410
32532
32557
32572
32585
32592
32648
32650
32697
32736
32740
32760
32760
32794
32808
32820
32859
32861
32868
32882
32895
32908
32928
32928
32930
32968
32970
32984
32994
33000
33000
33020
33020
33030
33098
33117
33192
33205
33235
33250
33269
33312
33336
33345
33360
33365
33374
33400
33402
33453
33488
33495
33516
33606
33630
33792
33800
33850
33858
33864
33872
33898
33935
33966
34012
34038
34164
34200
34280
34284
34365
34398
34398
34416
34488
34503
34524
34552
34560
34560
34560
34580
34587
34618
34628
34684
34710
34713
34848
34848
34881
34974
35020
35037
35070
35072
35136
35172
35176
35200
35208
35220
35308
35392
35475
35475
35500
35564
35585
35588
35609
35649
35686
35705
35711
35720
35721
35739
35748
35772
35774
35778
35784
35805
35838
35856
35871
35904
35960
36024
36032
36064
36095
36156
36160
36162
36288
36352
36360
36369
36408
36432
36472
36480
36486
36487
36582
36619
36640
36720
36720
36750
36756
36764
36778
36780
36783
36824
37044
37050
37065
37100
37135
37150
37157
37230
37247
37264
37308
37444
37516
37582
37616
37624
37645
37652
37730
37740
37740
37758
37789
37812
37851
37869
37880
37908
37924
37944
37947
37980
37985
38016
38064
38180
38196
38220
38230
38285
38304
38315
38363
38384
38418
38502
38514
38571
38580
38608
38640
38640
38688
38754
38787
38857
38874
38940
38976
38980
38998
39045
39072
39083
39095
39117
39144
39150
39176
39195
39208
39310
39312
39326
39338
39390
39396
39421
39433
39436
39522
39578
39614
39624
39646
39650
39732
39736
39780
39825
39870
39888
39900
39933
39950
39968
40040
40043
40086
40121
40176
40235
40242
40279
40284
40338
40344
40352
40380
40425
40426
40440
40480
40565
40623
40733
40734
40768
40821
40830
40852
40983
41030
41035
41040
41074
41148
41175
41199
41217
41220
41244
41250
41293
41336
41429
41470
41475
41500
41504
41520
41540
41600
41607
41634
41662
41667
41668
41724
41775
41796
41850
41860
41934
41977
42003
42042
42120
42123
42180
42360
42392
42462
42520
42525
42582
42585
42680
42700
42724
42752
42796
42840
42920
42920
42935
42990
43030
43120
43128
43142
43145
43171
43190
43195
43244
43285
43323
43384
43400
43435
43440
43446
43500
43510
43620
43632
43668
43680
43708
43722
43764
43768
43806
43824
43825
43834
43855
43875
43890
43966
43968
44040
44055
44100
44270
44319
44320
44380
44415
44444
44499
44592
44640
44640
44650
44670
44688
44704
44766
44778
44778
44781
44898
44925
44934
44946
44990
45012
45038
45045
45070
45080
45080
45084
45089
45122
45189
45216
45255
45265
45287
45390
45402
45402
45425
45441
45472
45477
45529
45558
45564
45581
45591
45625
45648
45684
45695
45704
45738
45780
45784
45837
45870
45900
45930
45950
45962
45980
45984
46033
46056
46070
46090
46125
46164
46167
46170
46185
46236
46251
46310
46332
46350
46360
46370
46395
46420
46592
46658
46662
46694
46774
46812
46835
46847
46904
46920
46980
46984
47036
47058
47070
47086
47135
47168
47208
47208
47250
47257
47304
47328
47355
47376
47385
47424
47450
47488
47592
47615
47618
47728
47736
47752
47760
47762
47766
47787
47816
47840
47852
47865
47888
47901
47916
47970
48006
48034
48047
48061
48080
48080
48116
48120
48132
48248
48314
48328
48348
48350
48400
48475
48560
48680
48715
48720
48749
48750
48763
48796
48840
48896
48902
48912
48944
48969
48988
48990
49024
49036
49036
49135
49184
49218
49320
49320
49320
49332
49335
49374
49385
49480
49487
49555
49560
49560
49608
49728
49734
49770
49822
49844
49855
49864
49903
49945
50020
50027
50122
50184
50184
50211
50220
50280
50280
50340
50346
50435
50439
50540
50552
50640
50656
50680
50692
50706
50754
50762
50808
50816
50864
50881
50925
50940
50949
50996
51015
51018
51104
51129
51136
51156
51200
51216
51220
51224
51238
51240
51246
51336
51353
51388
51396
51414
51432
51432
51440
51440
51456
51562
51604
51624
51634
51680
51724
51786
51792
51794
51834
51887
51947
51984
52059
52101
52110
52120
52122
52136
52193
52262
52302
52360
52368
52380
52403
52600
52701
52762
52789
52812
52920
52956
53048
53142
53144
53154
53208
53336
53354
53372
53375
53390
53400
53410
53418
53456
53508
53542
53543
53571
53618
53627
53635
53690
53705
53768
53776
53808
53808
53810
53814
53835
53853
53867
53925
54000
54060
54090
54150
54156
54186
54194
54208
54264
54288
54300
54378
54460
54464
54509
54570
54600
54649
54656
54696
54723
54744
54747
54758
54780
54810
54815
54858
54868
54894
54899
54904
54961
54970
54981
54996
55000
55040
55080
55100
55146
55148
55160
55188
55242
55252
55275
55287
55328
55330
55480
55553
55573
55614
55632
55648
55706
55796
55800
55832
55872
55908
55944
55946
55950
56025
56118
56144
56212
56238
56240
56283
56288
56315
56318
56340
56364
56420
56528
56548
56560
56560
56565
56616
56628
56637
56658
56686
56700
56720
56738
56761
56814
56847
56875
56914
56952
56952
57057
57066
57120
57123
57155
57168
57184
57190
57225
57278
57282
57290
57304
57330
57348
57409
57447
57460
57474
57478
57499
57600
57600
57728
57764
57770
57820
57836
57843
57848
57920
57921
57945
57984
58050
58056
58089
58097
58113
58149
58167
58223
58240
58330
58352
58377
58384
58480
58510
58587
58592
58596
58600
58767
58788
58794
58800
58803
58834
58850
58864
58865
58911
58920
58950
58975
59015
59031
59045
59090
59136
59160
59196
59360
59370
59460
59512
59520
59553
59584
59633
59640
59670
59682
59688
59780
59850
59941
59949
59970
59976
60009
60012
60051
60060
60128
60186
60242
60282
60290
60300
60311
60320
60345
60346
60360
60384
60418
60424
60432
60450
60452
60481
60496
60544
60544
60620
60628
60690
60753
60760
60788
60867
60921
60992
61020
61035
61092
61103
61104
61138
61152
61157
61215
61237
61272
61272
61334
61360
61362
61425
61433
61466
61479
61479
61520
61560
61642
61659
61763
61812
61875
61880
61894
61902
61920
61974
62002
62062
62130
62160
62184
62188
62217
62260
62260
62292
62403
62407
62415
62576
62600
62647
62656
62730
62748
62764
62820
62928
62960
62984
63040
63085
63136
63140
63159
63200
63206
63234
63252
63291
63364
63432
63518
63593
63630
63644
63672
63726
63840
63880
63960
63960
64120
64125
64239
64256
64260
64272
64287
64306
64325
64352
64355
64372
64416
64418
64438
64488
64496
64500
64500
64505
64526
64560
64584
64600
64604
64608
64638
64641
64878
64885
64896
64904
65016
65032
65076
65160
65230
65337
65340
65349
65360
65376
65400
65402
65417
65421
65422
65472
65481
65583
65600
65625
65632
65640
65649
65880
65934
65952
65961
65968
65988
66132
66144
66157
66208
66210
66220
66283
66300
66316
66360
66365
66480
66500
66520
66521
66526
66534
66557
66560
66560
66572
66600
66682
66720
66726
66810
66825
66844
66892
66960
66969
66997
67045
67053
67088
67116
67144
67192
67208
67254
67256
67353
67387
67392
67396
67396
67438
67536
67540
67550
67550
67550
67575
67614
67620
67743
67760
67776
67776
67830
67932
68004
68020
68058
68067
68072
68100
68109
68134
68160
68208
68225
68256
68321
68380
68445
68499
68500
68516
68536
68572
68832
68832
68904
68960
68992
69008
69024
69041
69052
69132
69136
69212
69286
69321
69328
69336
69345
69414
69428
69464
69509
69550
69660
69692
69786
69828
69828
69830
69856
69870
69989
70070
70122
70154
70175
70186
70196
70226
70304
70325
70410
70482
70490
70532
70564
70564
70620
70626
70826
70850
70928
70980
71055
71070
71071
71232
71232
71244
71253
71292
71313
71362
71370
71383
71400
71520
71530
71535
71584
71584
71638
71640
71681
71747
71820
71820
71863
71890
71925
71949
72050
72063
72072
72082
72090
72120
72192
72197
72204
72256
72315
72336
72447
72479
72519
72540
72599
72600
72663
72752
72780
72828
72875
72900
72926
72940
72974
73000
73008
73010
73018
73032
73035
73140
73167
73410
73414
73425
73508
73596
73598
73722
73780
73815
73836
73908
73908
73936
73975
74034
74048
74052
74183
74240
74302
74304
74352
74426
74480
74530
74550
74592
74592
74593
74720
74739
74765
74777
74778
74784
74799
74800
74888
74906
74971
75012
75040
75128
75164
75174
75210
75240
75240
75240
75240
75268
75275
75336
75343
75410
75460
75592
75667
75768
75900
75936
75956
75968
75972
75990
76050
76153
76212
76299
76310
76328
76384
76428
76428
76440
76527
76536
76554
76581
76608
76619
76650
76692
76728
76822
76960
77016
77085
77120
77121
77152
77168
77184
77210
77231
77252
77328
77341
77389
77392
77396
77402
77420
77484
77486
77506
77562
77577
77580
77584
77588
77600
77605
77648
77685
77740
77760
77763
77800
77880
77916
77922
77968
77996
78117
78204
78260
78351
78400
78404
78456
78472
78480
78489
78516
78540
78546
78656
78712
78716
78810
78816
78870
78900
79040
79070
79131
79183
79184
79216
79230
79248
79266
79300
79325
79344
79370
79378
79420
79450
79497
79500
79520
79526
79596
79648
79650
79650
79662
79670
79700
79704
79728
79750
79808
79940
79968
80064
80106
80124
80210
80220
80230
80250
80271
80330
80340
80430
80432
80496
80514
80598
80604
80605
80606
80640
80675
80712
80795
80850
80892
80970
80976
81028
81073
81095
81168
81189
81259
81282
81290
81312
81315
81316
81472
81486
81510
81522
81565
81631
81686
81755
81765
81800
81960
81972
82017
82107
82205
82246
82263
82323
82350
82362
82410
82432
82432
82539
82671
82728
82827
82836
82860
82984
83020
83028
83118
83136
83160
83184
83265
83268
83500
83595
83600
83633
83640
83670
83685
83712
83760
83790
83808
83810
83828
83972
83996
84000
84018
84056
84105
84144
84240
84260
84388
84510
84510
84564
84600
84609
84616
84630
84875
84911
84930
84964
84964
85054
85063
85092
85119
85230
85312
85332
85410
85430
85640
85656
85708
85766
85800
85904
85932
86013
86020
86025
86040
86070
86101
86156
86262
86265
86268
86292
86345
86350
86352
86430
86454
86534
86544
86632
86679
86700
86716
86760
86850
86860
86892
86920
87016
87021
87080
87089
87100
87126
87165
87166
87180
87232
87234
87244
87252
87264
87320
87330
87444
87561
87576
87590
87628
87640
87667
87676
87685
87733
87745
87779
87805
87860
87867
87912
87920
87940
88020
88032
88146
88155
88208
88224
88275
88320
88400
88494
88542
88578
88621
88641
88642
88690
88732
88794
88815
88836
88852
88882
88900
88956
88958
88963
88992
88995
89001
89180
89271
89275
89280
89310
89336
89460
89507
89566
89568
89625
89640
89820
89840
89842
89872
89930
89952
90000
90060
90125
90178
90180
90183
90216
90216
90225
90288
90300
90370
90432
90447
90459
90467
90486
90489
90496
90522
90532
90608
90620
90624
90666
90675
90771
90848
90896
90942
90948
91040
91067
91069
91113
91140
91140
91310
91336
91364
91440
91460
91494
91572
91767
91777
92096
92118
92124
92140
92160
92199
92278
92288
92334
92430
92463
92592
92720
92722
92730
92794
92827
92851
92967
93015
93044
93048
93158
93196
93357
93379
93394
93450
93654
93744
93830
93870
93925
93984
94140
94250
94304
94341
94347
94350
94410
94440
94468
94488
94496
94500
94612
94654
94656
94658
94680
94732
94857
94875
94905
94922
94976
94990
95040
95040
95046
95060
95072
95077
95144
95184
95200
95238
95400
95403
95436
95511
95544
95568
95616
95634
95760
95804
95865
95910
95931
95988
96012
96012
96021
96094
96352
96363
96390
96408
96446
96474
96506
96512
96591
96642
96690
96696
96718
96850
96876
96880
96924
96950
97005
97053
97088
97110
97240
97278
97356
97419
97548
97552
97730
97748
97800
97812
97920
98040
98100
98280
98309
98410
98417
98482
98532
98651
98724
98736
98770
98784
98826
98840
98879
98975
99036
99072
99096
99116
99144
99168
99176
99232
99240
99308
99384
99400
99408
99420
99421
99471
99498
99517
99528
99530
99636
99840
100130
100130
100140
100176
100232
100251
100330
100500
100510
100560
100683
100724
100763
100828
100842
100856
100880
101002
101047
101094
101184
101200
101255
101346
101376
101384
101400
101442
101490
101505
101535
101577
101628
101660
101676
101736
101838
101898
101928
101952
101969
101976
102011
102016
102024
102168
102175
102270
102315
102384
102443
102560
102675
102707
102864
102920
102935
102950
103075
103122
103182
103290
103320
103322
103360
103392
103410
103439
103558
103712
103731
103785
103796
103800
103800
103836
103860
103944
103985
103994
104036
104121
104175
104230
104234
104440
104496
104566
104584
104601
104615
104754
104880
104904
104928
104949
105051
105135
105146
105162
105222
105235
105301
105312
105315
105501
105631
105698
105786
105792
105984
105995
106000
106110
106119
106134
106140
106197
106305
106326
106420
106659
106659
106726
106752
106752
106769
106858
106912
106920
107052
107058
107100
107184
107184
107190
107400
107445
107460
107460
107576
107632
107653
107664
107706
107763
107767
107820
107976
108000
108008
108024
108030
108054
108080
108084
108108
108300
108312
108410
108450
108489
108491
108600
108612
108640
108660
108664
108720
108735
108812
109040
109080
109101
109165
109174
109252
109310
109330
109417
109431
109473
109494
109564
109650
109650
109704
109728
109810
109840
109872
109876
109907
109920
109926
109980
109986
110000
110070
110097
110208
110220
110250
110280
110292
110340
110370
110415
110439
110492
110532
110577
110600
110628
110694
110704
110751
110768
110916
110992
111024
111040
111124
111165
111197
111254
111264
111265
111270
111272
111320
111370
111384
111410
111430
111435
111496
111510
111552
111618
111625
111825
111840
111900
111923
111975
112000
112064
112070
112166
112200
112266
112301
112472
112506
112518
112560
112608
112644
112654
112740
112750
112768
112784
112863
112948
113035
113106
113295
113296
113361
113390
113400
113427
113432
113438
113600
113643
113658
113694
113776
113781
113795
113804
113832
113960
113984
114058
114072
114114
114156
114240
114288
114304
114317
114350
114434
114494
114570
114576
114610
114708
114752
114758
114842
114876
114954
114982
115025
115182
115225
115292
115311
115325
115350
115351
115382
115406
115413
115430
115433
115505
115515
115533
115536
115584
115668
115758
115815
115896
115900
115974
116042
116080
116088
116120
116190
116228
116280
116317
116406
116415
116610
116659
116754
116779
116805
117030
117060
117084
117090
117130
117136
117160
117180
117247
117360
117394
117470
117480
117516
117572
117720
117756
117760
117791
117852
117990
118059
118104
118167
118200
118294
118389
118480
118550
118552
118560
118598
118622
118632
118660
118671
118690
118746
118836
118885
118912
118965
118981
118982
119014
119070
119124
119175
119197
119282
119304
119314
119418
119520
119595
119616
119655
119658
119728
119742
119744
119784
119845
119852
119873
119928
119952
120013
120105
120216
120241
120300
120316
120510
120600
120655
120700
120848
120900
120928
120950
120955
120960
121017
121072
121080
121212
121240
121266
121272
121290
121341
121481
121520
121555
121606
121706
121720
121776
121784
121792
121800
121808
121824
121856
121901
121907
121940
122061
122128
122136
122180
122234
122240
122364
122460
122468
122496
122549
122564
122616
122682
122688
122694
122720
122757
122759
122790
122816
122832
122836
122880
122914
122935
122945
122977
123032
123044
123066
123082
123105
123136
123163
123210
123228
123282
123291
123310
123332
123382
123408
123422
123469
123595
123617
123760
123760
123786
123816
123825
123840
123840
124025
124075
124080
124155
124185
124189
124200
124215
124248
124300
124488
124496
124635
124663
124712
124712
124720
124780
124785
124821
124824
124830
124868
124891
124920
124928
124944
125268
125280
125312
125344
125345
125400
125450
125631
125684
125728
125784
125802
125820
125850
125922
125930
126084
126122
126258
126258
126324
126387
126392
126408
126445
126480
126540
126546
126657
126724
126728
126816
126900
126930
127008
127027
127062
127100
127114
127155
127200
127236
127262
127296
127392
127400
127434
127472
127498
127552
127600
127600
127642
127650
127755
127770
127872
127875
127936
127960
128064
128072
128125
128133
128248
128271
128307
128340
128362
128366
128388
128518
128520
128610
128650
128709
128920
128928
128940
128962
128968
129033
129064
129300
129388
129450
129552
129559
129612
129625
129626
129636
129648
129651
129726
129744
129779
129808
129865
129920
129948
129969
129984
130128
130216
130221
130296
130326
130376
130680
130680
130830
130851
130960
130968
131028
131040
131070
131076
131094
131120
131184
131306
131353
131359
131382
131410
131422
131445
131486
131560
131610
131619
131692
131750
131774
131841
131843
131872
131976
132030
132076
132102
132112
132132
132174
132183
132210
132273
132340
132352
132354
132388
132400
132440
132464
132468
132480
132530
132587
132696
132758
132793
132825
132861
132867
132888
132943
133000
133008
133056
133056
133110
133189
133218
133350
133406
133425
133452
133474
133536
133545
133558
133720
133796
133812
133866
133926
133945
133950
133962
134000
134015
134045
134125
134208
134215
134275
134290
134316
134406
134421
134673
134715
134820
134824
134890
134946
135000
135025
135174
135228
135285
135408
135468
135546
135594
135716
135792
135860
135880
135894
135936
135940
135960
135966
135975
135975
136010
136206
136250
136368
136439
136440
136514
136527
136535
136542
136597
136620
136630
136653
136752
136803
136948
137032
137160
137343
137379
137400
137440
137460
137484
137514
137522
137532
137540
137564
137580
137588
137610
137678
137700
137760
137780
137785
137805
137832
137852
137853
137856
137896
137943
138024
138092
138100
138104
138105
138144
138170
138195
138277
138384
138425
138472
138474
138500
138516
138576
138678
138690
138771
138828
138828
138919
139020
139040
139084
139120
139315
139332
139472
139498
139608
139728
139740
139842
139860
139932
139953
139974
140028
140140
140230
140250
140256
140296
140320
140368
140400
140425
140535
140544
140550
140553
140576
140576
140624
140675
140768
140840
141113
141243
141298
141349
141375
141384
141400
141404
141408
141456
141531
141570
141632
141648
141687
141750
141752
141858
142106
142170
142175
142302
142324
142362
142380
142432
142450
142506
142639
142662
142662
142749
142800
142860
142896
142912
142941
142947
143088
143130
143227
143297
143374
143395
143446
143486
143550
143550
143592
143676
143682
143715
143830
143871
143904
143955
143967
144000
144020
144021
144100
144125
144144
144232
144263
144384
144385
144387
144452
144496
144504
144525
144532
144560
144609
144619
144648
144704
144711
144761
144864
144900
144908
144960
144976
144990
145120
145120
145314
145341
145445
145596
145635
145750
145780
145782
145826
145908
146076
146223
146286
146336
146455
146476
146496
146520
146520
146540
146544
146578
146640
146682
146916
146938
146944
147147
147232
147339
147460
147485
147605
147636
147700
147770
147798
147849
147888
147893
148008
148036
148048
148172
148250
148416
148539
148630
148788
148857
148971
149032
149088
149128
149148
149160
149195
149221
149292
149322
149340
149511
149597
149668
149773
149820
149940
150017
150072
150127
150150
150165
150168
150246
150444
150453
150474
150482
150528
150544
150568
150570
150640
150780
150813
150822
150822
150858
150894
151003
151198
151217
151235
151317
151320
151459
151568
151658
151680
151776
151838
151902
151962
151976
152019
152038
152064
152090
152100
152178
152180
152196
152264
152285
152416
152416
152427
152456
152685
152754
152820
153000
153020
153120
153160
153258
153270
153306
153336
153440
153520
153594
153660
153675
153747
153760
153822
153870
154014
154071
154077
154089
154098
154350
154354
154494
154518
154602
154608
154910
155006
155040
155060
155124
155246
155274
155331
155388
155448
155610
155682
155771
155792
155820
155850
155894
155962
155980
155986
156060
156264
156275
156300
156352
156364
156408
156420
156456
156492
156528
156548
156604
156672
156674
156744
156750
156794
156828
156839
156904
156933
156992
157040
157053
157108
157122
157153
157190
157250
157255
157262
157320
157403
157412
157423
157605
157652
157680
157850
157953
158040
158060
158061
158112
158175
158190
158224
158256
158289
158424
158444
158508
158780
158789
158878
158950
158954
159012
159048
159057
159125
159156
159210
159315
159359
159360
159390
159448
159596
159650
159750
159771
159912
159952
159987
160050
160140
160212
160218
160320
160360
160424
160435
160446
160455
160524
160902
161007
161020
161020
161040
161056
161106
161130
161184
161215
161232
161238
161259
161370
161433
161462
161564
161568
161585
161602
161630
161770
161838
161964
162036
162067
162078
162245
162350
162360
162378
162480
162803
162820
162882
162887
162890
162912
162987
162996
163100
163125
163134
163234
163296
163353
163380
163392
163400
163416
163489
163663
163744
163773
163779
163792
163800
163800
163870
163880
163912
164096
164104
164178
164229
164250
164297
164376
164388
164400
164472
164493
164565
164584
164650
164724
164768
164835
164860
164934
164939
165000
165087
165200
165274
165312
165490
165520
165528
165546
165560
165566
165568
165572
165624
165624
165686
165699
165908
165996
166012
166042
166170
166314
166320
166345
166465
166583
166608
166750
166760
166770
166824
166848
166875
167040
167104
167130
167132
167162
167220
167272
167348
167371
167488
167524
167750
167808
167823
167925
168014
168064
168192
168350
168352
168360
168432
168519
168558
168576
168606
168682
168714
168720
168828
168988
169050
169074
169182
169195
169272
169353
169435
169566
169568
169723
169728
169760
169803
169822
169880
169884
169898
169920
169965
169974
170016
170022
170082
170093
170170
170204
170235
170424
170430
170544
170607
170613
170658
170670
170680
170710
170721
170748
170775
170918
170940
171057
171126
171150
171327
171332
171342
171380
171402
171420
171477
171651
171672
171836
171840
171904
171912
171936
172020
172050
172108
172128
172140
172144
172202
172320
172546
172670
172704
172854
172908
172920
172952
173030
173068
173089
173106
173120
173160
173166
173175
173196
173304
173307
173345
173472
173540
173580
173584
173602
173604
173664
173720
173752
173823
173850
173950
174000
174000
174156
174176
174180
174204
174250
174393
174412
174468
174529
174701
174744
174744
174768
174800
174933
175020
175084
175110
175180
175200
175212
175224
175230
175236
175330
175479
175655
175656
175756
175760
175896
176013
176013
176022
176233
176344
176396
176438
176456
176484
176502
176610
176634
176705
176724
176875
177030
177084
177232
177335
177364
177390
177408
177412
177660
177680
177720
177750
177810
177824
177892
177905
177971
177992
177996
178002
178041
178080
178080
178092
178112
178227
178275
178308
178350
178354
178362
178552
178581
178752
178769
178849
178894
178894
178920
178928
178974
178992
178999
179037
179046
179102
179160
179172
179193
179316
179348
179352
179352
179396
179409
179550
179728
179830
179842
179854
179872
180215
180359
180378
180411
180481
180504
180576
180576
180600
180648
180810
180918
180956
180960
181002
181040
181041
181134
181152
181272
181355
181428
181456
181480
181524
181566
181566
181600
181670
181728
181792
181832
181849
181900
181930
181986
182001
182026
182039
182088
182183
182207
182274
182280
182448
182475
182476
182495
182592
182613
182655
182682
182732
182778
182880
182930
183002
183064
183128
183170
183235
183274
183330
183333
183366
183372
183402
183475
183540
183554
183616
183876
183954
183960
184080
184203
184275
184296
184338
184344
184450
184470
184522
184582
184716
184870
184896
184928
185193
185311
185380
185380
185409
185416
185430
185436
185482
185554
185560
185625
185636
185650
185652
185888
186093
186138
186164
186180
186300
186304
186375
186501
186510
186620
186669
186760
186824
186830
186932
186960
186990
187000
187005
187033
187050
187110
187240
187285
187344
187364
187404
187408
187442
187474
187575
187590
187616
187638
187650
187674
187680
187726
187824
187845
187872
187935
187978
188020
188025
188033
188067
188160
188297
188326
188370
188499
188580
188628
188640
188640
188748
188856
188928
189181
189312
189336
189373
189568
189616
189680
189686
189729
189792
189865
189924
189936
190020
190035
190120
190185
190300
190336
190400
190632
190656
190784
190854
190918
190935
190960
190976
190980
191079
191142
191222
191240
191268
191296
191376
191424
191470
191544
191552
191560
191583
191802
191856
191884
191928
192168
192192
192368
192375
192531
192537
192570
192816
192893
192952
192972
193248
193320
193347
193384
193400
193564
193564
193568
193590
193602
193705
193750
193764
193776
193807
193888
193984
194076
194097
194208
194232
194238
194287
194300
194304
194320
194628
194670
194705
194842
194996
195085
195266
195286
195324
195507
195525
195560
195575
195675
195888
196156
196194
196240
196275
196322
196424
196430
196472
196600
196605
196740
196745
196860
196938
196954
196972
196992
197000
197128
197201
197425
197450
197472
197472
197532
197637
197680
197714
197883
198132
198159
198220
198240
198304
198369
198385
198398
198492
198531
198612
198617
198640
198710
198950
199012
199044
199056
199104
199104
199104
199178
199332
199680
199746
199782
199920
199958
200016
200080
200144
200226
200244
200256
200288
200314
200328
200423
200473
200498
200550
200571
200613
200716
200825
200886
200897
201082
201096
201125
201208
201268
201370
201410
201559
201584
201600
201618
201630
201656
201677
201728
201748
201768
201816
201872
201894
201995
202043
202048
202065
202193
202332
202370
202405
202480
202530
202630
202653
202659
202725
202864
202888
202992
203093
203148
203190
203218
203238
203290
203400
203456
203478
203500
203608
203613
203658
203958
204135
204166
204246
204334
204336
204340
204480
204600
204700
204786
204849
204972
205040
205107
205183
205282
205320
205406
205413
205416
205425
205545
205634
205669
205685
205725
205800
205800
205827
205842
205865
205968
206001
206074
206304
206388
206460
206469
206486
206584
206640
206720
206780
206800
206924
206927
206959
206990
207040
207120
207138
207204
207223
207256
207288
207350
207360
207375
207483
207501
207654
207714
207818
207831
207864
207900
207900
208080
208162
208198
208278
208352
208533
208568
208571
208586
208608
208626
208640
208650
208656
208800
208800
208816
208824
208936
208938
208960
209088
209200
209202
209208
209238
209244
209385
209387
209472
209720
209814
209990
210042
210050
210080
210096
210114
210123
210125
210140
210168
210195
210210
210240
210303
210325
210330
210381
210419
210540
210607
210675
210730
210800
210917
210966
211000
211029
211046
211057
211196
211243
211318
211320
211388
211395
211428
211552
211622
211860
211896
211926
211926
211956
212190
212244
212325
212498
212534
212576
212640
212842
212850
212940
213000
213026
213048
213048
213052
213080
213096
213112
213192
213213
213248
213450
213652
213752
213788
213792
213840
214065
214125
214320
214328
214344
214520
214704
214725
214740
214752
214753
214784
214848
214920
214929
214944
214968
215040
215075
215656
215694
216034
216048
216108
216160
216195
216315
216316
216398
216410
216411
216480
216505
216528
216552
216566
216614
216630
216720
216766
216804
216806
216950
217053
217200
217308
217450
217566
217644
217645
217668
217782
217902
217976
217997
218205
218280
218280
218280
218288
218418
218575
218646
218658
218688
218790
218798
218822
218950
219024
219120
219232
219312
219384
219420
219432
219472
219539
219558
219588
219674
219750
219856
219861
219870
219900
219945
220000
220064
220158
220162
220368
220671
220690
220782
220864
221067
221076
221088
221187
221232
221334
221352
221364
221400
221430
221455
221508
221652
221730
221760
221888
221898
221925
221970
222066
222138
222138
222264
222314
222396
222450
222502
222504
222640
222768
222800
222828
222872
223002
223050
223050
223100
223135
223168
223184
223236
223244
223250
223275
223286
223317
223386
223465
223478
223479
223583
223616
223650
223650
223668
223740
223938
223938
223981
224094
224103
224160
224475
224518
224616
224664
224750
224847
224871
224884
224900
224991
225000
225071
225122
225130
225192
225234
225262
225270
225291
225377
225496
225948
225951
225964
226033
226156
226251
226469
226500
226512
226607
226625
226632
226668
226760
226765
226848
226908
226916
226920
226950
227010
227099
227232
227261
227280
227493
227524
227535
227556
227631
227718
227721
227725
227760
227801
227968
228004
228020
228056
228072
228096
228279
228300
228348
228608
228657
228690
228854
228858
228888
229057
229172
229228
229464
229600
229608
229620
229635
229636
229710
229731
229845
229854
229890
229900
229927
229977
230007
230204
230204
230217
230328
230461
230543
230544
231146
231232
231280
231364
231770
231880
231960
232019
232078
232120
232122
232173
232190
232314
232314
232349
232356
232414
232608
232680
232898
232947
232960
232978
233040
233120
233306
233396
233402
233448
233496
233520
233548
233550
233554
233700
233730
233740
233811
233856
233928
233935
233988
234042
234062
234288
234360
234399
234465
234670
234701
234720
234759
234925
234958
235026
235060
235080
235088
235196
235248
235305
235315
235335
235348
235424
235488
235511
235586
235920
236002
236118
236218
236224
236250
236340
236368
236502
236520
236550
236600
236693
236700
236796
237039
237336
237360
237384
237426
237600
237660
237745
237774
237816
237820
237864
237864
237870
237952
238032
238084
238176
238232
238316
238386
238478
238478
238501
238520
238602
238619
238717
238953
239010
239301
239396
239438
239590
239649
239652
239712
239785
239841
239850
239850
240030
240130
240174
240258
240312
240327
240474
240537
240590
240813
240856
240994
240994
241002
241164
241218
241239
241273
241377
241380
241425
241449
241542
241614
241808
241862
241890
241947
242025
242259
242300
242418
242424
242460
242482
242512
242661
242679
242688
242725
242892
243024
243080
243180
243200
243236
243328
243330
243366
243386
243504
243524
243588
243600
243780
243831
243864
243903
244020
244031
244074
244272
244326
244352
244412
244492
244552
244595
244644
244682
244836
244842
244855
244860
244864
244881
245075
245076
245336
245340
245378
245456
245485
245520
245528
245532
245544
245775
245830
245960
246064
246120
246135
246177
246225
246326
246327
246451
246481
246558
246605
246630
246636
246656
246800
246828
246924
246928
246972
247044
247394
247401
247598
247620
247644
247720
247815
247842
247875
247912
247975
248010
248094
248101
248102
248136
248213
248217
248248
248282
248512
248535
248820
248820
248941
248948
248960
249116
249120
249150
249168
249173
249237
249237
249306
249345
249491
249550
249557
249665
249861
250020
250272
250359
250371
250404
250512
250620
250670
250691
250740
250831
250860
250866
250932
250980
251024
251047
251436
251460
251680
251697
251745
251802
251844
251864
251928
251966
251991
252080
252108
252120
252130
252310
252336
252378
252396
252441
252492
252564
252675
252688
252798
252885
252900
252909
253098
253130
253232
253257
253305
253422
253440
253440
253626
253634
253770
253944
253960
254016
254036
254052
254144
254150
254166
254199
254394
254751
254760
254826
254925
254930
254997
255008
255281
255290
255360
255476
255500
255717
255867
256095
256360
256409
256443
256536
256594
256785
256854
256872
256880
256932
257004
257112
257147
257183
257208
257216
257220
257256
257298
257299
257376
257398
257560
257572
257691
257788
257838
257950
257968
258071
258172
258230
258510
258674
258685
258720
258819
259050
259104
259168
259182
259350
259479
259480
259502
259575
259740
259782
259811
259912
259940
260008
260280
260295
260362
260560
260586
260685
260712
260848
260916
260930
261030
261056
261344
261360
261380
261470
261612
261632
261660
261810
261812
261870
261975
262044
262197
262260
262280
262428
262456
262590
262680
262710
262818
262848
262880
263001
263032
263136
263172
263304
263364
263450
263520
263552
263580
263581
263736
263850
263901
263947
263970
263996
264000
264005
264032
264082
264096
264180
264204
264248
264330
264385
264400
264550
264670
264784
264792
264886
265146
265203
265232
265336
265392
265404
265512
265608
265640
265650
266058
266064
266075
266166
266179
266256
266365
266400
266400
266475
266524
266526
266760
266868
266910
266910
266928
267140
267678
267735
267840
267858
268107
268386
268394
268464
268522
268745
268812
268888
268920
268928
269061
269250
269325
269346
269400
269440
269444
269451
269460
269577
269709
269856
270186
270204
270212
270278
270382
270480
270501
270564
270600
270608
270732
270771
270920
271062
271084
271120
271149
271264
271485
271530
271560
271618
271770
271866
271890
271908
271932
271991
272052
272064
272097
272124
272132
272268
272320
272448
272490
272688
272720
272757
272765
272820
273000
273060
273070
273112
273393
273561
273600
273652
273738
273834
274036
274140
274206
274257
274302
274386
274400
274461
274560
274560
274671
274683
274690
274710
275184
275412
275420
275608
275652
275670
275740
275790
275816
275848
275900
275968
276048
276184
276216
276538
276696
276760
276777
276864
276876
276978
277112
277168
277290
277305
277596
277628
277641
277667
277840
277893
277916
277920
277932
277946
277970
278008
278256
278265
278324
278553
278554
278586
278636
278684
278784
278893
278907
279055
279122
279168
279264
279300
279360
279444
279685
280032
280228
280368
280500
280534
280560
280592
280653
280692
280760
280840
280968
281088
281229
281312
281358
281490
281507
281568
281600
281640
281711
281765
281824
281853
281938
281952
282367
282369
282374
282420
282495
282576
282730
282744
282779
282818
282852
283041
283080
283380
283402
283404
283425
283520
283531
283536
283560
284004
284005
284144
284419
284530
284580
284639
284664
284664
284901
284970
284992
285270
285456
285476
285491
285563
285600
285768
285859
285870
285882
285935
286044
286195
286200
286269
286358
286380
286416
286425
286506
286524
286615
286681
286700
286836
286935
287040
287056
287170
287408
287540
287550
287868
288052
288202
288300
288434
288970
289132
289256
289323
289341
289386
289400
289476
289680
289680
289740
289822
289855
289863
290080
290162
290208
290400
290408
290444
290445
290640
290720
290760
290789
291023
291059
291175
291186
291384
291400
291456
291480
291497
291816
291995
292026
292060
292098
292175
292296
292486
292842
292908
292928
293106
293250
293250
293522
293590
293601
293664
293710
293973
294077
294120
294156
294294
294345
294400
294508
294660
294676
294691
294733
294831
294912
294952
295029
295182
295200
295238
295348
295431
295450
295460
295568
295620
295634
295713
295736
295806
296062
296234
296256
296270
296329
296480
296512
296560
296609
296818
296868
297004
297131
297173
297212
297318
297396
297402
297505
297612
297632
297739
297792
297864
297864
297870
297927
298080
298129
298430
298485
298506
298656
298665
298704
298788
298844
298984
299200
299212
299232
299424
299448
299460
299553
299640
299640
299970
299975
299982
300027
300188
300219
300280
300482
300528
300636
300685
300740
300790
300800
300959
301050
301224
301312
301455
301568
301645
301704
301742
301752
301752
301806
301944
302124
302148
302325
302358
302532
302535
302784
302808
302820
302822
302847
302850
302948
303050
303102
303345
303355
303359
303461
303552
303616
303660
303751
303930
303968
304143
304206
304239
304329
304380
304436
304480
304570
304590
304732
305026
305050
305088
305158
305175
305216
305250
305280
305325
305370
305398
305508
305577
305592
305760
305782
305820
306016
306075
306080
306111
306180
306181
306327
306360
306436
306446
306660
306776
306800
306800
306888
306950
306960
307008
307040
307153
307210
307260
307307
307362
307470
307496
307512
307530
307544
307574
307680
307857
307893
307923
307972
308028
308393
308448
308557
308660
308700
308720
308928
308934
308979
309035
309043
309200
309246
309463
309468
309472
309660
309735
309842
310004
310012
310248
310408
310431
310464
310480
310512
310576
310726
310856
310914
310950
310976
311062
311094
311129
311256
311340
311756
311780
311933
311954
312093
312170
312248
312303
312312
312375
312395
312432
312543
312576
312600
312991
313056
313152
313152
313168
313208
313224
313352
313398
313412
313548
313760
313814
313872
313984
314160
314160
314210
314244
314336
314340
314496
314600
314766
314776
314825
315100
315146
315445
315606
315666
315765
316069
316095
316120
316136
316155
316479
316640
316736
316800
316855
316875
316883
316890
316960
317084
317128
317130
317205
317229
317310
317550
318000
318090
318108
318117
318208
318240
318242
318255
318288
318370
318388
318415
318614
318696
318710
318816
318915
318924
318990
319116
319215
319218
319385
319490
319572
319654
319821
319869
319920
320040
320040
320190
320328
320352
320505
320597
320694
320705
320736
320848
321000
321045
321100
321308
321486
321552
321708
321920
321960
322175
322278
322299
322575
322598
322980
323064
323334
323646
323736
323748
323924
324020
324184
324201
324261
324414
324428
324441
324470
324506
324520
324612
324683
324753
324958
325080
325584
325612
325869
325923
326232
326240
326368
326387
326424
326438
326462
326592
326639
326745
326865
326876
326952
327101
327114
327180
327250
327285
327408
327590
327756
327870
327990
328042
328116
328230
328370
328450
328499
328624
328640
328790
329222
329314
329350
329360
329373
329460
329500
329538
329568
329604
329703
329805
330112
330120
330274
330408
330602
330620
330642
330647
330657
330840
330846
330971
331004
331320
331425
331440
331444
331668
331703
331740
331779
331834
331940
332010
332112
332180
332304
332442
332511
332563
332718
332848
333268
333300
333372
333404
333609
333684
333809
333810
333938
333960
333986
334036
334224
334320
334320
334719
334799
334818
335020
335154
335181
335232
335236
335688
335699
335730
335812
335835
335896
335958
336036
336096
336217
336238
336260
336315
336440
336644
336672
336753
336904
337150
337169
337348
337402
337406
337706
338091
338175
338220
338882
338886
339090
339204
339350
339570
339625
339815
339878
339956
340024
340050
340242
340260
340312
340524
340664
340770
340814
340952
340980
340998
341038
341373
341432
341496
341505
341600
341635
341660
341775
341780
341990
342000
342078
342108
342126
342160
342216
342221
342363
342504
342540
342650
342700
342796
342804
342924
343196
343241
343476
343488
343584
343616
343680
343680
343693
343900
344120
344148
344285
344448
344546
344643
344699
344721
344781
344877
344925
344964
345015
345343
345345
345368
345403
345510
345842
345854
345954
345995
346200
346374
346390
346392
346458
346515
346560
346640
346640
346655
346860
346992
347088
347150
347190
347311
347328
347517
347644
347776
347832
347852
347856
347928
348008
348174
348180
348185
348240
348318
348327
348355
348404
348414
348462
348521
348556
348574
348612
348864
348984
349020
349074
349074
349090
349160
349197
349272
349308
349545
349587
349608
349632
349633
349712
349745
349760
349770
349866
349875
349895
349906
349920
349988
350100
350482
350496
350560
350626
350704
350726
351120
351424
351466
351534
351624
351664
351740
352000
352084
352086
352248
352312
352320
352350
352482
352618
352880
353017
353070
353160
353209
353572
353597
353634
353808
353815
353910
354081
354240
354264
354480
354540
354588
354597
354631
354650
354702
354798
354840
354852
354870
354982
355019
355030
355248
355256
355322
355368
355446
355500
355758
355770
355776
355948
356014
356038
356472
356537
356542
356606
356670
356824
356850
356898
357069
357140
357161
357335
357390
357390
357678
357720
357720
357798
357808
357984
358020
358020
358056
358080
358137
358668
358776
358836
358995
359268
359352
359496
359536
359680
359738
360122
360126
360192
360340
360416
360780
360844
360848
360939
361077
361119
361146
361277
361488
361696
361794
361914
362269
362392
362406
362452
362453
362558
362664
362695
362880
362920
363006
363258
363408
363476
363545
363676
363727
363744
363816
363845
363900
364045
364072
364088
364244
364462
364608
364752
364878
364896
364918
365160
365187
365274
365424
365547
365552
365585
365671
365700
365728
365772
365800
365925
366079
366111
366180
366183
366192
366212
366632
366696
366780
366854
367048
367070
367164
367214
367224
367270
367290
367416
367706
367710
367752
367822
367865
367928
367990
368032
368050
368224
368235
368358
368424
368448
368456
368496
368578
368650
368736
368760
368762
368810
369040
369112
369208
369344
369551
369675
369800
369957
369980
370048
370101
370230
370356
370430
370656
370761
370916
371046
371082
371160
371184
371219
371250
371260
371427
371514
371616
371640
371998
372060
372160
372255
372284
372349
372496
372504
372680
372694
372722
372886
373068
373088
373296
373305
373373
373524
373632
373920
374065
374080
374220
374325
374336
374346
374440
374460
374564
374595
374740
374756
374892
375174
375231
375334
375389
375390
375435
375480
375624
376030
376504
376536
376540
376640
376768
376800
377010
377188
377271
377411
377424
377440
377580
377640
377718
377795
377839
377916
377937
378048
378314
378575
378662
378717
378756
378768
378818
378880
378978
379040
379055
379170
379440
379502
379600
379660
379708
379743
379750
379764
379848
380000
380120
380285
380484
380796
380874
380888
381021
381264
381341
381431
381456
381850
381876
381888
381920
382077
382212
382300
382452
382648
382698
382848
382980
383003
383040
383098
383104
383292
383383
383420
383500
383508
383592
383705
383724
383904
384020
384111
384126
384275
384366
384432
384525
384580
384698
385070
385113
385152
385158
385183
385480
385506
385560
385764
386016
386120
386140
386140
386176
386190
386322
386624
386958
386988
387005
387145
387180
387192
387252
387289
387360
387408
387438
387480
387513
387515
387618
387696
387946
388032
388194
388248
388368
388426
388638
388683
388685
388740
388740
388796
388988
388992
389112
389168
389305
389455
389520
389532
389552
389642
389712
389742
389869
390006
390021
390139
390264
390272
390348
390432
391000
391020
391228
391239
391680
391860
392080
392400
392400
392522
392564
392736
392754
392760
392931
393120
393176
393278
393341
393400
393408
393657
393840
394016
394056
394060
394134
394200
394254
394283
394334
394338
394405
394496
394900
394912
394988
395070
395084
395190
395265
395284
395415
395550
395577
395658
395740
395820
395868
396022
396198
396325
396684
396890
396901
396945
397152
397234
397247
397440
397578
397706
397715
397741
397765
397920
397920
398000
398244
398304
398514
398653
398700
398842
398850
398904
399105
399232
399294
399300
399350
399360
399456
399550
399608
399611
399685
399776
399924
400200
400400
400635
400717
400722
400900
400905
400950
401368
401531
401852
402000
402031
402135
402194
402280
402454
402534
402734
403005
403074
403216
403273
403335
403704
403713
403788
403871
403920
404131
404231
404268
404329
404345
404376
404505
404568
405100
405104
405223
405230
405456
405588
405888
406011
406112
406135
406275
406297
406463
406503
406560
406916
407025
407114
407355
407358
407376
407400
407550
407680
407682
407728
407851
407862
407994
408044
408135
408170
408540
408672
408692
408768
409024
409024
409188
409294
409425
409640
409752
409770
410040
410044
410115
410333
410698
410780
410806
410994
411109
411180
411216
411384
411588
411705
411866
411940
412110
412425
412551
412815
412858
413105
413172
413406
413413
413413
413424
413678
413748
413838
414348
414450
414765
414765
414792
414970
415166
415195
415324
415386
415410
415423
415593
415621
415712
416176
416211
416253
416300
416304
416326
416486
416540
416560
416570
416708
416757
416856
416878
416988
417003
417032
417186
417534
417670
417690
417752
417756
417775
417900
418068
418159
418347
418352
418460
418782
418992
419100
419240
419244
419463
419569
419804
419916
419972
419980
420000
420080
420108
420227
420239
420250
420480
420728
420810
421070
421116
421281
421383
421388
421398
421420
421421
421470
421512
421596
421806
421848
421902
421952
421992
422163
422170
422268
422275
422282
422370
422370
422379
422444
422475
422500
422592
422716
422762
423054
423120
423170
423288
423296
423450
423618
423890
423940
423990
424170
424281
424583
424600
424732
424840
424926
425070
425117
425225
425444
425520
425700
425826
425841
426048
426150
426279
426334
426360
426555
426600
426708
426834
427074
427125
427140
427375
427680
427707
427732
427856
427975
428022
428098
428220
428340
428538
428736
428850
428989
429021
429048
429096
429120
429165
429324
429374
429380
429435
429570
429579
429606
429884
429894
429975
430076
430100
430355
430612
430716
430716
430740
430916
431500
431756
431762
431820
431938
431946
432060
432382
432390
432720
432795
432816
432838
432918
433350
433418
433732
433893
434200
434304
434434
434560
434562
434812
435072
435077
435120
435261
435299
435336
435404
435512
435780
435840
435860
435888
436220
436428
436600
436900
436985
437085
437112
437133
437194
437220
437319
437382
437426
437532
437580
437617
437886
437913
437952
438011
438342
438496
438516
438570
438615
438812
438872
439110
439476
439560
439695
440480
440622
440720
440793
440856
440907
441000
441232
441288
441408
441408
441600
441610
441650
441650
441672
441749
441796
442440
442637
442650
442862
443139
443184
443424
443520
443555
443578
444015
444388
444855
445077
445155
445200
445296
445686
446270
446292
446400
446430
446490
446715
446715
446832
446958
447287
447344
447355
447370
447655
447714
447772
448311
448384
448615
448640
448756
448851
449038
449040
449050
449097
449132
449208
449325
449350
449461
449500
449550
449735
449955
449988
450100
450216
450250
450399
450736
450912
451136
451143
451152
451224
451330
451350
451775
451881
451932
452288
452295
452358
452640
452870
452976
453034
453285
453288
453376
453416
453696
453789
454034
454050
454408
454500
454750
454803
454832
454960
455031
455184
455413
455430
455675
455722
455769
455822
455924
456002
456066
456076
456092
456192
456196
456288
456820
456832
456840
456864
456878
456896
457140
457149
457320
457470
457548
457561
457653
457655
457776
457856
457920
457954
458120
458620
459288
459305
459368
459410
459459
459576
459657
459669
459877
459963
459984
460017
460020
460100
460152
460467
460648
460736
460788
460870
460908
461108
461461
461538
461725
461760
461838
461886
461962
462057
462068
462139
462192
462250
462294
462420
462460
462675
462903
463167
463350
463424
463462
463482
463589
463692
463796
463984
464040
464128
464227
464310
464324
464400
464408
464448
464490
464612
464800
464820
465270
465570
465864
466348
466424
466452
466543
466548
466557
466648
466650
466830
466872
467250
467262
467280
467418
467590
467606
468208
468342
468452
468504
468732
468820
469148
469160
469287
469314
469425
469630
469656
469944
469951
470061
470112
470250
470305
470340
470475
470580
470652
470668
470736
470988
471142
471204
471231
471295
471510
471680
471840
471960
472144
472857
472936
473022
473246
473304
473526
473913
474000
474124
474174
474375
474480
474580
474700
474864
474992
475020
475125
475145
475146
475188
475200
475323
475380
475440
475475
475524
475776
476152
476346
476532
476560
476898
477078
477150
477295
477309
477340
477568
477822
478010
478044
478187
478286
478458
478512
478667
478744
479160
479196
479710
479892
480438
480741
480762
480975
480984
481376
481824
481840
482147
482202
482274
482482
482790
483175
483368
483444
483488
483616
483740
483780
483952
484275
484380
484504
484544
484575
484702
484980
485001
485010
485112
485160
485170
485271
485348
485352
485642
485692
485747
485884
486066
486108
486144
486178
486328
486387
486504
486504
486549
486612
486619
486670
486676
486720
487113
487242
487333
487485
487488
487560
487809
488025
488030
488313
488326
488345
488488
488540
488832
489246
489300
489370
489411
489440
489516
489600
489834
489868
489891
489928
490048
490114
490158
490536
490568
490617
490620
490743
490912
491004
491022
491050
491095
491249
491311
491416
491465
491680
491815
491865
491940
491975
492030
492100
492348
492360
492370
492492
492635
492651
492750
492825
492986
493136
493237
493240
493332
493430
493668
493696
493899
493933
494373
494480
494505
494508
494560
494603
495034
495040
495170
495660
495720
495872
495924
496150
496249
496292
496638
496838
496850
497028
497056
497206
497515
497760
498028
498085
498190
498289
498912
498972
499038
499174
499206
499356
499438
499548
499698
499772
499902
500364
500412
500457
500478
500580
500758
500838
500940
501054
501070
501120
501630
501655
501750
501782
501808
501820
501828
501921
502132
502316
502458
502560
502570
502705
502724
502740
502758
502893
502930
502962
503270
503272
503455
503652
503904
504100
504168
504236
504252
504308
504480
504560
504686
504720
504849
504855
505336
505636
505694
505938
505984
506040
506310
506396
506605
506892
506942
507042
507585
507640
508053
508153
508208
508300
508560
508715
508716
508950
508950
508999
509330
509340
509525
509580
509652
509732
510160
510720
510790
511106
511119
511192
511218
511224
511368
511920
512017
512256
512517
512622
512696
512946
513324
513358
513456
513590
513856
514108
514206
514384
514404
514536
514539
514634
515280
515526
515580
515704
515871
516096
516100
516177
516230
516249
516300
516780
517020
517204
517280
517506
517752
517990
518157
518400
518603
518700
518787
518815
519962
520144
520188
520260
520366
521064
521074
521080
521520
521680
521752
521823
521829
522102
522390
522435
522585
522624
522711
522743
522794
522918
522963
523203
523629
523654
524304
524620
524853
524905
524928
525089
525104
525300
525326
525980
526516
526662
526950
527136
527299
527526
527688
527806
527967
528000
528024
528048
528092
528351
528461
528480
528490
528825
529374
529447
529460
529589
529686
529760
529914
530062
530286
530442
530544
530556
530573
530622
530774
531148
531336
531600
531840
532480
532488
532584
532584
532770
533110
533130
533316
533506
533596
533820
533952
534060
534432
534600
534654
534874
535080
535267
535587
536228
536350
536500
536550
536576
536726
536767
536768
537428
537462
537536
538050
538069
538084
538408
538479
538560
539514
539672
539764
539928
539952
540027
540096
540265
540342
540492
540892
541076
541440
541648
541888
542098
542300
542511
542812
543266
543456
543476
543576
543590
543860
543960
544050
544068
544152
544180
544204
544236
544320
544408
544858
545452
545821
546416
546480
547032
547260
547391
547580
547580
547697
547760
547848
547968
548013
548296
548412
548604
548931
548964
549469
549666
549682
550088
550290
550758
551000
551133
551204
551528
551589
551640
551824
551880
551925
552150
552160
552189
552450
552512
552690
552706
552728
552885
552960
553191
553303
553350
553392
553656
553740
553995
554625
555360
555420
555750
555851
555916
556101
556374
556450
556623
557260
557265
557520
557648
557650
557720
557738
557832
557934
558327
558348
558459
558516
558684
558698
558720
558880
558942
559065
559115
559160
559314
559385
559725
559969
560520
561255
561453
561525
561562
561739
561844
561978
562020
562178
562485
562590
562603
562700
562833
562978
563332
563472
563726
563940
564060
564108
564375
564436
564485
564604
564642
564825
564903
565130
565257
565626
565653
565830
565998
566010
566351
566674
566984
567120
567596
568055
568225
568230
568230
568295
568326
568384
568400
568819
569319
569625
569680
569801
570228
570584
570688
570780
571032
571050
571200
571443
571575
571872
572119
572285
572424
572484
572910
572985
573012
573048
573185
573440
573461
573775
574448
574620
574740
574822
575162
575190
575484
575794
575804
576307
576450
576576
576803
576810
576858
576877
577840
578255
578402
578680
579110
579696
579924
579956
580277
580500
580608
580704
580980
580992
581799
581910
582158
582220
582318
582480
582491
582636
582912
582960
583044
583280
583490
583822
583908
584064
584090
584253
584600
584610
584631
584640
584685
584700
584752
585208
585684
585686
585774
585844
586044
586112
586132
586180
586200
586316
586568
586716
586815
586872
587041
587132
587481
587576
587896
588210
588340
588808
588816
588866
588910
589178
589239
589275
589380
589500
589981
590460
590920
590940
590999
591120
591680
591700
591780
591930
591947
592012
592040
592056
592176
592205
592370
592614
592760
593164
593472
593760
593810
593845
593948
594159
594172
594405
594432
594692
594795
594867
595125
595167
595287
595388
595408
596200
596252
596376
596480
596505
596688
596706
596750
596924
596925
597069
597254
597270
597457
597645
597951
597996
598158
598388
598455
598500
598734
598968
599094
599326
599560
599830
600032
600036
600116
600248
600288
600300
600340
600527
600960
601200
601269
601497
601524
601570
601600
601667
601965
602548
602880
603161
603192
603481
603602
603871
603978
604180
604384
604884
605345
606075
606174
606200
606438
606600
606618
606648
606888
606936
606979
606995
607404
607410
607453
607538
607950
608212
608310
608320
608455
608850
608960
608971
608972
609070
609310
609512
609635
609777
609801
609952
610008
610246
610266
610572
611184
611344
611730
611780
611793
611940
612076
612168
612206
612233
612304
613038
613460
613479
613724
613870
613890
614040
614075
614187
614189
614250
614295
614336
614562
614845
615120
615168
615318
615672
615828
616032
616924
616959
617012
617215
617694
617760
618096
618602
618618
618618
618918
619264
619380
619520
619668
620085
620568
620621
621060
621220
621668
621736
622080
622125
622488
622564
622635
622881
622944
623378
623569
623805
623904
624195
624204
624288
624600
624672
624912
625004
625023
625095
625128
625240
625570
625702
625856
626075
626152
626228
626304
626395
626632
626640
626646
626857
626865
626944
627231
627339
627588
627690
627816
627858
628134
628180
628334
628832
630045
630099
630136
630707
631099
631296
631400
632520
632681
632970
633466
633764
633776
633945
634032
634149
634455
634491
634610
634920
635076
635193
635284
635450
635616
635922
635934
636112
636252
636662
636909
636930
636975
637025
637274
637714
637800
637920
637962
637975
638077
638080
638100
638220
638250
638484
638493
638523
638551
638656
638808
638847
639000
639216
639414
639720
640320
640584
640730
641040
641073
641400
641495
641538
641627
641862
642018
642144
642470
642546
642642
642669
642774
642978
643410
643484
643618
643815
643908
644004
644045
644904
645248
645463
645905
647064
647094
647150
647151
647240
647466
647570
647672
647725
648074
648645
648698
648792
648876
649134
649344
649475
649496
649900
650532
650795
651021
651360
651391
651600
652214
652275
652720
653220
654028
654069
654524
654664
654720
654900
655200
655528
655543
655668
655776
655788
655914
656016
656019
656164
656880
657000
657172
657298
657552
657734
657792
657873
657970
657990
658156
658525
659175
659178
659274
659652
659697
659904
659934
660228
660513
661026
661056
661309
661362
661425
661496
661831
661875
662094
662217
662961
662985
663100
663643
663656
663849
664694
664702
664780
665376
665826
666180
666225
666246
666270
666335
666596
666744
667069
667152
667240
667377
667403
667439
667680
667872
667890
668039
668464
668516
669903
670120
670152
670797
672210
672216
672516
673536
674150
674390
674900
675620
675860
676291
676886
676906
677184
677484
678373
678912
679679
679833
679915
680550
680616
680874
680944
681030
681120
681310
681918
681984
682773
683550
683676
683760
684759
684864
684996
685330
685790
686176
686240
686273
686279
686492
686686
686808
687080
687516
687537
687648
688380
688548
688750
689472
689510
689986
690144
690144
690327
690604
690625
690816
690840
691500
691804
692080
692510
692534
692640
692868
692954
693025
693074
693680
693756
693968
694025
694089
694512
694600
695224
695980
696055
696822
697236
697582
697686
698178
698544
698722
699132
699150
699656
700656
700825
701736
702009
702368
702702
702768
702779
703052
703323
703743
705396
705405
705474
705753
707080
707160
707162
707328
707550
707553
707861
707941
708700
709056
709709
709780
710148
710280
710370
710397
710410
710605
710921
711208
711399
711705
712473
713460
713568
714177
715116
715260
715635
715692
715852
716584
716705
716960
717024
717570
717664
717828
718276
718344
718675
719142
719173
719490
719544
719632
719865
720398
721145
721354
721665
722340
722400
722681
723304
723926
724224
724424
724508
724860
725193
725580
725844
725956
726250
726616
727700
727818
727974
728020
728190
728898
729256
729729
730436
730917
730944
731580
731670
731686
731790
731808
732160
732480
733012
733222
733575
733920
734145
734279
734376
734688
734775
734804
735280
735395
735480
735588
736398
737064
738820
739239
739722
740094
740097
740908
741066
742893
743052
743763
743820
744175
745920
745954
746803
747000
747120
747385
747450
748522
748683
748748
749075
749562
749600
749658
749664
749880
750624
751366
751564
751843
751954
752317
753016
753065
753160
753732
754290
754416
755128
755196
755793
755905
756720
757857
758553
758955
759024
759150
759506
759948
760123
760716
761007
761217
761592
761904
762256
762291
762384
762517
763035
763716
764596
765180
765457
766379
766824
767184
768586
769012
769210
771552
771672
771900
772540
773178
773865
774748
774818
775612
775692
775801
775806
776790
776871
777308
777438
777442
777573
778231
778400
778712
778836
779808
779823
780288
780450
780516
780640
780710
781002
782773
783120
783769
784056
784800
784971
785148
785346
785555
785600
786298
786660
786790
788405
788448
788885
789024
789168
789447
789698
791196
791322
791532
791714
792296
792982
793060
793440
793881
794070
794498
794691
795037
795055
795431
796302
796670
797778
797916
799510
799521
800079
800613
801195
801267
801295
801468
801899
802305
802384
802452
802620
802780
802956
803804
804738
805125
807170
807668
807700
807744
808830
809795
810348
810980
811502
811591
811620
811776
811776
811968
814261
814407
814562
815280
815450
816474
816484
816651
816931
817424
817512
817910
819423
820600
820808
821826
822020
822296
822780
822985
823542
824052
824245
824866
825550
825835
826587
827077
827376
828936
829840
830676
830688
830815
831744
833574
834069
834303
834458
834876
835857
836176
836880
838212
838850
839438
839463
840870
841401
842040
842115
843368
843480
844173
844569
845233
845262
847136
847788
848215
848232
850399
850485
850632
852120
852580
852992
853188
853891
853952
853972
854238
854744
854854
855048
856170
858939
859227
859384
859386
859940
860196
860314
860452
862668
862779
863576
864096
864345
865176
865824
866860
869176
869220
869688
870910
871380
871992
872053
872690
872790
872804
874514
875140
876945
878310
878465
878697
880512
881176
881439
881804
882524
882900
884610
885951
886050
888617
888630
888750
893760
893855
894504
894600
895257
895986
897541
899010
899760
900612
900798
901455
902060
903672
905220
906144
906300
906384
907215
908295
908919
909818
910224
911412
911996
912950
912981
914880
916202
916370
917130
917510
918365
918935
919770
921004
921112
924864
925316
926440
928625
928678
931394
935080
935616
936342
940215
941472
942662
944262
945556
946560
948290
950208
953995
955548
958457
961367
962654
963634
966438
968157
973532
975198
976437
977229
986139
986238
988020
988812
descending 10000 quick
